[gd_scene load_steps=14 format=3 uid="uid://00swccko4mlj"]

[ext_resource type="Script" uid="uid://b2j16e72vk0t0" path="res://scripts/game_manager.gd" id="1_tbgi4"]
[ext_resource type="Script" uid="uid://ctsqfb2fjal5g" path="res://addons/infinite_heightmap_terrain/infinite_terrain.gd" id="1_tefeu"]
[ext_resource type="FontFile" uid="uid://cnlv8acdn6sx" path="res://assets/EBGaramond-VariableFont_wght.ttf" id="3_tefeu"]
[ext_resource type="PackedScene" uid="uid://yn1oi5lrghxb" path="res://scenes/player.tscn" id="4_jyhfs"]
[ext_resource type="Texture2D" uid="uid://bh4xqwlbxvi6" path="res://assets/textures/tilable-IMG_0044-dark.png" id="4_tefeu"]
[ext_resource type="PackedScene" uid="uid://vlv1bpsxo1dx" path="res://scenes/enemy.tscn" id="5_tbgi4"]

[sub_resource type="LabelSettings" id="LabelSettings_o6xl0"]
font = ExtResource("3_tefeu")
font_size = 50
font_color = Color(0.74978, 0.74978, 0.74977994, 1)
shadow_size = 10
shadow_color = Color(0, 0, 0, 0.5019608)
shadow_offset = Vector2(1.86, 2.495)

[sub_resource type="ProceduralSkyMaterial" id="ProceduralSkyMaterial_tefeu"]
sky_top_color = Color(2.0214916e-06, 0.49560267, 0.63157177, 1)
sky_horizon_color = Color(0.5531627, 0.67974085, 0.7191209, 1)
sky_energy_multiplier = 0.8

[sub_resource type="Sky" id="Sky_o6xl0"]
sky_material = SubResource("ProceduralSkyMaterial_tefeu")

[sub_resource type="Environment" id="Environment_jsk3o"]
background_mode = 2
sky = SubResource("Sky_o6xl0")
ambient_light_sky_contribution = 0.7
tonemap_mode = 2
sdfgi_enabled = true
glow_enabled = true
fog_enabled = true
fog_mode = 1
fog_density = 1.0
fog_depth_curve = 0.36602223
fog_depth_begin = 40.0
fog_depth_end = 3000.0

[sub_resource type="FastNoiseLite" id="FastNoiseLite_tefeu"]
frequency = 0.0005

[sub_resource type="Curve" id="Curve_o6xl0"]
_data = [Vector2(0, 0), 0.0, 0.0, 0, 0, Vector2(1, 1), 0.0, 0.0, 0, 0]
point_count = 2

[sub_resource type="StandardMaterial3D" id="StandardMaterial3D_tipki"]
vertex_color_use_as_albedo = true
albedo_texture = ExtResource("4_tefeu")
uv1_scale = Vector3(33.155, 33.155, 33.155)

[node name="World" type="Node3D"]

[node name="GameManager" type="Node" parent="."]
script = ExtResource("1_tbgi4")
enemy_scene = ExtResource("5_tbgi4")

[node name="CanvasLayer" type="CanvasLayer" parent="GameManager"]

[node name="Control" type="Control" parent="GameManager/CanvasLayer"]
layout_mode = 3
anchors_preset = 15
anchor_right = 1.0
anchor_bottom = 1.0
grow_horizontal = 2
grow_vertical = 2

[node name="Label" type="Label" parent="GameManager/CanvasLayer/Control"]
layout_mode = 1
anchors_preset = 3
anchor_left = 1.0
anchor_top = 1.0
anchor_right = 1.0
anchor_bottom = 1.0
offset_left = -225.0
offset_top = -66.0
offset_right = -11.0
grow_horizontal = 0
grow_vertical = 0
text = "0"
label_settings = SubResource("LabelSettings_o6xl0")
horizontal_alignment = 2
vertical_alignment = 2

[node name="DirectionalLight3D" type="DirectionalLight3D" parent="."]
transform = Transform3D(-0.8660254, -0.32139382, 0.38302228, 0, 0.76604444, 0.6427876, -0.50000006, 0.55667037, -0.66341394, 0, 0, 0)
light_energy = 0.75
shadow_enabled = true
shadow_blur = 0.0
directional_shadow_mode = 0

[node name="WorldEnvironment" type="WorldEnvironment" parent="."]
environment = SubResource("Environment_jsk3o")

[node name="Map" type="Node3D" parent="."]

[node name="InfiniteTerrain" type="StaticBody3D" parent="Map" node_paths=PackedStringArray("player")]
transform = Transform3D(1, 0, 0, 0, 1, 0, 0, 0, 1, 0, -0.81, 0)
script = ExtResource("1_tefeu")
player = NodePath("../../Player")
terrain_noise = SubResource("FastNoiseLite_tefeu")
chunk_radius = 10
mesh_resolution = 0.1
terrain_color_steepness_curve = SubResource("Curve_o6xl0")
terrain_material = SubResource("StandardMaterial3D_tipki")
metadata/_custom_type_script = "uid://ctsqfb2fjal5g"

[node name="Player" parent="." instance=ExtResource("4_jyhfs")]
enemy_spawn_time = 10

[node name="Enemy" parent="." groups=["enemy"] instance=ExtResource("5_tbgi4")]
transform = Transform3D(-1, 0, -1.1920929e-07, 0, 1, 0, 1.1920929e-07, 0, -1, 0, 0, -4)

[node name="Enemy2" parent="." groups=["enemy"] instance=ExtResource("5_tbgi4")]
transform = Transform3D(-1, 0, -1.1920929e-07, 0, 1, 0, 1.1920929e-07, 0, -1, -8.93726, 0, 5.4016027)

[node name="Enemy4" parent="." groups=["enemy"] instance=ExtResource("5_tbgi4")]
transform = Transform3D(-1, 0, -3.5762787e-07, 0, 1, 0, 3.5762787e-07, 0, -1, -14.379243, -4.7683716e-07, -1.6112005)

[node name="Enemy3" parent="." groups=["enemy"] instance=ExtResource("5_tbgi4")]
transform = Transform3D(1, 0, 2.3841858e-07, 0, 1, 0, -2.3841858e-07, 0, 1, 3.8691635, -4.7683716e-07, 3.196971)

[node name="Enemy5" parent="." groups=["enemy"] instance=ExtResource("5_tbgi4")]
transform = Transform3D(1, 0, 4.7683716e-07, 0, 1, 0, -4.7683716e-07, 0, 1, -5.4339724, -9.536743e-07, -6.974926)

[node name="Enemy6" parent="." groups=["enemy"] instance=ExtResource("5_tbgi4")]
transform = Transform3D(-0.8107165, 0, -0.58543897, 0, 1, 0, 0.58543897, 0, -0.8107165, -2.8167858, 0, -6.307119)

[node name="Enemy7" parent="." groups=["enemy"] instance=ExtResource("5_tbgi4")]
transform = Transform3D(-0.8107165, 0, -0.58543897, 0, 1, 0, 0.58543897, 0, -0.8107165, -4.5583067, 0, 6.547135)

[node name="Enemy8" parent="." groups=["enemy"] instance=ExtResource("5_tbgi4")]
transform = Transform3D(-0.81071633, 0, -0.58543915, 0, 1, 0, 0.58543915, 0, -0.81071633, -13.07578, -4.7683716e-07, 4.047688)

[node name="Enemy9" parent="." groups=["enemy"] instance=ExtResource("5_tbgi4")]
transform = Transform3D(0.81071645, 0, 0.585439, 0, 1, 0, -0.585439, 0, 0.81071645, 4.533396, -4.7683716e-07, -2.737574)

[node name="Enemy10" parent="." groups=["enemy"] instance=ExtResource("5_tbgi4")]
transform = Transform3D(0.8107163, 0, 0.5854392, 0, 1, 0, -0.5854392, 0, 0.8107163, -8.963835, -9.536743e-07, -5.537682)
